nrows 25 ncols 40
start 1 3
dest 22 29
obstacles
13 12
16 29
10 27
5 9
17 17
18 0
13 15
0 34
10 30
5 0
16 26
16 23
4 18
10 1
15 6
5 16
24 37
23 39
20 3
16 32
23 35
18 35
2 7
20 25
12 1
3 30
13 36
22 36
1 28
10 2
17 7
21 1
18 38
11 38
20 20
5 0
7 2
1 0
21 13
16 32
13 37
14 34
11 34
19 14
19 5
15 23
4 24
15 34
19 27
16 4
5 20
6 8
1 26
23 25
3 30
1 34
11 23
18 16
6 1
15 8
5 9
20 26
23 15
7 2
4 32
20 39
20 6
1 17
3 7
18 28
13 31
10 28
2 11
19 35
22 19
3 6
3 11
19 25
17 22
5 26
18 32
7 9
16 22
12 33
8 28
5 35
15 11
0 8
12 4
11 17
11 30
20 21
19 0
11 30
1 35
16 0
12 39
2 39
7 1
21 4